1586
1614
1631
1641
1747
1772
1778
1781
1789
1791
1793
1810
1820
1829
1840
1885
1907
1917
1919
1921
1925
1939
1943
1951
1962
1971
1972
1974
1977
1979
1980
1981
1985
1991
1995
1996
1997
1999
2009
2019
2023
2024
2029
2035
2039
2041
2042
2045
2046
2049
2052
2056
2059
2060
2061
2064
2066
2070
2073
2075
2076
2077
2079
2090
2097
2099
2103
2104
2106
2115
2116
2117
2119
2120
2127
2130
2134
2136
2137
2138
2140
2143
2145
2148
2152
2154
2158
2160
2161
2162
2167
2169
2170
2172
2173
2174
2175
2176
2177
2178
2179
2180
2181
2183
2194
2206
2216
2220
2222
2224
2225
2248
2253
2257
2261
2264
2269
2273
2276
2279
2296
2303
2311
2314
2316
2320
2330
2332
2336
2337
2338
2342
2345
2347
2359
2361
2366
2368
2370
2372
2380
2381
2386
2395
2403
2407
2412
2415
2417
2423
2424
2425
2430
2431
2432
2433
2434
2437
2440
2441
2442
2443
2448
2455
2460
2469
2473
2476
2480
2482
2495
2498
2507
2510
2514
2515
2519
2522
2527
2539
2543
2555
2565
2570
2576
2584
2586
2588
2592
2596
2597
2598
2599
2600
2601
2606
2612
2613
2620
2625
2626
2627
2632
2633
2634
2637
2638
2641
2648
2649
2650
2657
2668
2669
2676
2680
2683
2684
2685
2686
2688
2689
2690
2692
2693
2698
2699
2709
2711
2717
2718
2720
2721
2724
2725
2728
2730
2731
2733
2734
2737
2742
2743
2746
2747
2748
2754
2758
2761
2768
2773
2776
2779
2782
2785
2786
2789
2798
2802
2818
2823
2825
2834
2867
2871
2879
2890
2894
2896
2900
2911
2916
2919
2923
2924
2931
2935
2940
2947
2948
2949
2951
2952
2954
2955
2956
2957
2958
2961
2963
2995
3002
3004
3007
3014
3016
3019
3055
3061
3065
3067
3068
3070
3071
3073
3078
3079
3080
3081
3083
3084
3085
3089
3094
3095
3097
3098
3099
3100
3101
3103
3104
3107
3109
3110
3113
3114
3115
3116
3118
3119
3120
3122
3123
3125
3127
3128
3132
3134
3136
3137
3141
3143
3144
3145
3146
3149
3150
3151
3153
3160
3161
3162
3164
3165
3166
3167
3168
3169
3170
3171
3179
3180
3183
3188
3191
3193
3195
3197
3198
3205
3208
3210
3212
3214
3216
3217
3219
3220
3221
3235
3237
3242
3243
3246
3247
3249
3251
3252
3254
3256
3257
3259
3263
3267
3270
3271
3272
3273
3279
3280
3287
3291
3294
3297
3301
3311
3312
3323
3327
3331
3332
3338
3340
3348
3356
3359
3365
3367
3368
3371
3372
3383
3384
3394
3404
3405
3421
3422
3425
3426
3427
3436
3437
3441
3444
3445
3446
3452
3454
3457
3462
3464
3474
3476
3485
3490
3493
3494
3495
3496
3518
3530
3531
3534
3536
3543
3544
3551
3553
3555
3559
3572
3577
3591
3602
3607
3615
3616
3622
3629
3633
3635
3636
3637
3639
3640
3642
3643
3648
3650
3651
3652
3654
3655
3656
3657
3659
3661
3662
3663
3665
3666
3667
3668
3670
3673
3674
3676
3678
3679
3681
3692
3696
3698
3713
3714
3716
3717
3722
3723
3726
3734
3737
3741
3747
3750
3752
3754
3756
3765
3775
3776
3777
3778
3782
3786
3793
3795
3810
3812
3820
3843
3846
3854
3856
3857
3863
3864
3866
3870
3872
3874
3875
3876
3878
3879
3880
3881
3886
3888
3889
3890
3893
3894
3895
3897
3899
3900
3901
3902
3904
3906
3910
3914
3915
3917
3919
3925
3931
3948
3960
3962
3965
3966
3969
3971
3974
3975
3976
3980
3981
3982
3983
3984
3985
3991
3992
3994
3995
4006
4007
4009
4013
4016
4017
4019
4020
4022
4023
4026
4028
4032
4037
4055
4075
4078
4079
4082
4083
4090
4092
4094
4098
4101
4111
4115
4117
4130
4137
4140
4146
4150
4153
4154
4156
4157
4159
4163
4171
4174
4175
4176
4178
4179
4184
4186
4188
4199
4201
4206
4211
4213
4215
4216
4218
4219
4220
4221
4222
4225
4227
4230
4231
4233
4239
4241
4251
4258
4259
4265
4272
4274
4275
4276
4280
4283
4288
4293
4294
4301
4305
4314
4315
4317
4319
4322
4324
4325
4326
4327
4328
4330
4334
4335
4337
4339
4340
4346
4350
4355
4357
4359
4364
4365
4369
4376
4378
4381
4382
4386
4388
4390
4391
4403
4412
4423
4427
4428
4432
4434
4435
4439
4444
4451
4455
4459
4461
4464
4472
4483
4485
4495
4499
4500
4503
4507
4508
4562
4569
4577
4579
4583
4584
4586
4589
4594
4597
4602
4603
4632
4640
4645
4654
4662
4665
4666
4667
4673
4703
4711