1586
1587
1595
1614
1627
1631
1641
1725
1747
1772
1778
1781
1789
1791
1793
1810
1818
1820
1829
1840
1885
1907
1908
1910
1917
1919
1921
1925
1931
1938
1939
1943
1951
1962
1971
1972
1974
1977
1979
1980
1981
1985
1991
1995
1996
1997
1998
1999
2007
2009
2019
2023
2024
2029
2035
2039
2041
2042
2045
2046
2049
2052
2056
2059
2060
2061
2063
2064
2066
2070
2073
2075
2076
2077
2079
2090
2097
2099
2103
2104
2106
2115
2116
2117
2119
2120
2127
2130
2134
2136
2137
2138
2140
2143
2145
2148
2152
2154
2158
2160
2161
2162
2167
2169
2170
2172
2173
2174
2175
2176
2177
2178
2179
2180
2181
2182
2183
2187
2191
2193
2194
2198
2206
2208
2209
2214
2216
2220
2221
2222
2224
2225
2238
2248
2253
2257
2261
2264
2269
2273
2276
2279
2284
2296
2303
2311
2314
2316
2320
2330
2332
2336
2337
2338
2342
2345
2347
2348
2356
2359
2361
2366
2368
2370
2372
2380
2381
2395
2386
2403
2407
2412
2415
2417
2423
2424
2425
2426
2428
2430
2431
2432
2433
2434
2437
2440
2441
2442
2443
2444
2448
2455
2458
2460
2461
2462
2463
2469
2471
2473
2476
2480
2482
2491
2495
2498
2507
2510
2514
2515
2516
2519
2522
2527
2539
2543
2554
2555
2565
2566
2570
2576
2584
2586
2587
2588
2589
2592
2596
2597
2598
2600
2601
2599
2606
2612
2613
2620
2625
2626
2627
2629
2632
2633
2634
2637
2638
2640
2641
2648
2649
2650
2657
2668
2669
2675
2676
2680
2683
2684
2685
2686
2688
2689
2690
2692
2693
2694
2698
2699
2709
2711
2717
2718
2719
2720
2721
2722
2724
2725
2726
2728
2730
2731
2732
2733
2734
2735
2736
2737
2742
2743
2744
2746
2747
2748
2753
2754
2758
2760
2761
2768
2773
2776
2779
2780
2782
2784
2785
2786
2789
2798
2802
2803
2815
2817
2818
2821
2823
2825
2827
2829
2832
2834
2839
2841
2851
2852
2859
2867
2871
2879
2890
2894
2896
2900
2911
2916
2919
2921
2923
2924
2931
2935
2940
2947
2948
2949
2951
2952
2954
2955
2956
2957
2958
2959
2961
2963
2995
3002
3004
3007
3014
3016
3019
3055
3058
3061
3065
3067
3068
3070
3071
3073
3075
3076
3078
3079
3080
3081
3083
3084
3085
3089
3092
3094
3095
3097
3098
3099
3100
3101
3103
3104
3107
3109
3110
3112
3113
3114
3115
3116
3118
3119
3120
3122
3123
3125
3127
3128
3132
3134
3136
3137
3141
3143
3144
3145
3146
3149
3150
3151
3153
3160
3161
3162
3164
3165
3166
3167
3168
3169
3170
3171
3179
3180
3183
3184
3188
3191
3193
3195
3197
3198
3199
3205
3208
3210
3212
3214
3216
3217
3218
3219
3220
3221
3226
3235
3237
3239
3246
3247
3242
3243
3249
3251
3252
3254
3256
3257
3259
3263
3267
3268
3270
3271
3272
3273
3274
3279
3280
3282
3285
3287
3291
3294
3297
3298
3300
3301
3302
3305
3306
3311
3312
3323
3325
3327
3331
3332
3336
3338
3339
3340
3345
3348
3356
3359
3360
3365
3366
3367
3368
3370
3371
3372
3382
3383
3384
3394
3404
3405
3413
3421
3425
3422
3426
3427
3436
3437
3441
3444
3445
3446
3448
3452
3454
3457
3462
3464
3465
3467
3474
3476
3485
3490
3493
3494
3495
3496
3518
3530
3531
3534
3536
3543
3544
3551
3552
3553
3555
3559
3567
3572
3577