3590
3591
3602
3607
3615
3616
3622
3625
3629
3630
3633
3635
3636
3637
3639
3640
3642
3643
3648
3650
3651
3652
3653
3654
3655
3656
3657
3658
3659
3661
3662
3663
3665
3666
3667
3668
3670
3671
3673
3674
3676
3678
3679
3681
3688
3689
3692
3696
3698
3707
3713
3714
3716
3717
3721
3722
3723
3726
3732
3734
3737
3741
3747
3750
3752
3754
3756
3765
3772
3775
3776
3777
3778
3782
3786
3787
3793
3795
3799
3801
3810
3812
3815
3820
3843
3846
3853
3854
3856
3857
3861
3863
3864
3866
3867
3868
3870
3871
3872
3874
3875
3876
3878
3879
3880
3881
3884
3886
3850
3888
3889
3890
3892
3893
3894
3895
3896
3897
3899
3900
3901
3902
3904
3906
3910
3914
3915
3916
3917
3919
3925
3931
3948
3960
3962
3963
3965
3966
3969
3971
3974
3975
3976
3977
3979
3980
3981
3982
3983
3984
3985
3991
3992
3994
3995
4001
4005
4006
4007
4009
4013
4016
4017
4019
4020
4022
4023
4024
4026
4028
4032
4037
4051
4055
4075
4078
4079
4082
4083
4090
4092
4094
4098
4101
4105
4111
4115
4117
4130
4137
4140
4146
4150
4153
4154
4156
4157
4159
4163
4171
4174
4175
4176
4178
4179
4184
4186
4188
4189
4197
4198
4199
4201
4206
4211
4213
4215
4216
4217
4218
4219
4220
4221
4222
4224
4225
4226
4227
4230
4231
4233
4239
4241
4242
4251
4258
4259
4265
4272
4274
4275
4276
4280
4282
4283
4288
4293
4294
4300
4301
4305
4306
4309
4314
4315
4317
4318
4319
4322
4324
4325
4326
4327
4328
4330
4334
4335
4337
4339
4340
4346
4350
4355
4357
4358
4359
4364
4365
4369
4376
4378
4381
4382
4386
4388
4390
4391
4403
4412
4423
4427
4428
4432
4434
4435
4439
4444
4451
4455
4458
4459
4461
4462
4464
4465
4472
4483
4485
4495
4499
4500
4503
4507
4508
4515
4516
4562
4569
4577
4579
4580
4581
4583
4584
4586
4589
4590
4594
4597
4602
4603
4632
4640
4645
4652
4653
4654
4662
4665
4666
4667
4673
4676
4683
4695
4703
4704
4711