3007
3014
3016
3019
3055
3058
3061
3065
3067
3068
3070
3071
3073
3075
3076
3078
3079
3080
3081
3083
3084
3085
3089
3092
3094
3095
3097
3098
3099
3100
3101
3103
3104
3107
3109
3110
3112
3113
3114
3115
3116
3118
3119
3120
3122
3123
3125
3127
3128
3132
3134
3136
3137
3141
3143
3144
3145
3146
3149
3150
3151
3153
3160
3161
3162
3164
3165
3166
3167
3168
3169
3170
3171
3179
3180
3183
3184
3188
3191
3193
3195
3197
3198
3199
3205
3208
3210
3212
3214
3216
3217
3218
3219
3220
3221
3226
3235
3237
3239
3246
3247
